0 11201 
1 307214 
2 2507212
3 1114138
4 1958856
5 272150
6 802705
7 7226
8 125511
9 77334
10 7069
11 2478470
12 1072349
13 1499153
14 5068430
15 1306983
16 1421281
17 1303034
18 691523
19 1025235
20 115080
21 241569
22 306622
23 77245
24 1789952
25 339154
26 924282
27 370507
28 955639
29 197337
30 157134
31 960024
32 1679705
33 34048
34 220875
35 374946
36 4353714
37 1550596
38 678882
39 960176
40 248993
41 622766
42 1186453
43 1874847
44 635406
45 306675
46 1293817
47 1706360
48 3985419
49 422615
50 1588411
51 1221223
52 86178
53 1455380
54 4107895
55 2301247
56 645555
57 296523
58 204825
59 263145
60 174359
61 1292733
62 571239
63 977601
64 4544274
65 971751
66 817288
67 900302
68 374936
69 69379
70 56464
71 3189296