12 10698
12 5328
12 7980
12 7507
12 1855
12 13387
12 1849
12 940
12 18
12 4242
12 3063
12 5542
12 1189
12 872
12 20649
12 2469
12 9747
12 3104
12 163
12 5031
12 2504
12 13148
12 2716
12 8162
12 2129
12 8910
12 882
12 6741
12 619
12 645
12 3010
12 4195
12 3680
12 6486
12 3405
12 826
12 4731
12 4494
12 1615
12 11258
12 4341
12 7030
12 6034
12 8177
12 488
12 5333
12 11765
12 8160
12 13069
12 308
12 485
12 5453
12 3811
12 3570
12 5956
12 991
12 2079
12 2137
12 293
12 369
12 1962
12 7941
12 427
12 3115
12 9918
12 4032
12 713
12 1812
12 5160
12 6984
12 6287
12 7151
12 303
12 2454
12 464
12 3736
12 668
12 957
12 1546
12 9831
12 1047
12 4329
12 6576
12 4246
12 1158
12 9139
12 92
12 7579
12 7035
12 3658
12 823
12 4036
12 8955
12 697
12 466
12 14928
12 4973
12 5327
12 3321
12 2899
12 1835
12 2741
12 354
12 39
12 4480
12 13912
12 2610
12 6330
12 3446
12 671
12 2050
12 15762
12 7912
12 1584
12 381
12 978
12 3130
12 1696
12 372
12 5303
12 6238
12 1560
12 6658
12 185
12 341
12 2056
12 869
12 324
12 4116
12 2086
12 1491
12 6262
12 4507
12 7671
12 399
12 1057
12 11931
12 2198
12 364
12 2956
12 7625
12 1297
12 7907
12 1783
12 9935
12 5884
12 4908
12 12600
12 4981
12 4320
12 3197
12 3739
12 326
12 5018
12 1142
12 642
12 7958
12 4463
12 3331
12 1904
12 2242
12 5292
12 164
12 1164
12 3236
12 5165
12 3614
12 2318
12 5123
12 4466
12 3465
12 5586
12 5114
12 1661
12 323
12 412
12 5269
12 4891
12 1727
12 3917
12 4150
12 1252
12 1171
12 370
12 9731
12 3555
12 1672
12 2941
12 7234
12 2362
12 1351
12 1622
12 1348
12 16929
12 1901
12 1165
12 5114
12 3909
12 4839
12 614
12 4479
12 1595
12 16002
12 6394
12 2058
12 377
12 8886
12 3357
12 1538
12 58
12 13842
12 513
12 4846
12 4565
12 69
12 3687
12 4433
12 2360
12 238
12 2983
12 8723
12 7602
12 3890
12 4353
12 3778
12 18331
12 5853
12 4235
12 905
12 1415
12 738
12 1839
12 6393
12 1577
12 2636
12 17554
12 5327
12 2107
12 249
12 2691
12 4150
12 730
12 12053
12 794
12 1582
12 1786
12 5986
12 1808
12 1019
12 9543
12 856
12 1725
12 4796
12 1460
12 1664
12 9086
12 15670
12 1994
12 6068
12 6048
12 4032
12 1258
12 4703
12 1170
12 4782
12 833
12 2041
12 19166
12 4534
12 1539
12 12630
12 371
12 3421
12 693
12 9270
12 4882
12 1475
12 755
12 2313
12 2331
12 1600
12 8642
12 10199
12 1884
12 4016
12 2505
12 13746
12 5343
12 226
12 7536
12 3582
12 3844
12 3494
12 868
12 36
12 65
12 5873
12 2310
12 11164
12 85
12 8661
12 506
12 1002
12 2961
12 9277
12 3814
12 8936
12 11695
12 866
12 6149
12 248
12 2297
12 1477
12 11997
12 794
12 2264
12 22011
12 3429
12 1118
12 379
12 6645
12 8833
12 3947
12 494
12 1359
12 6523
12 1502
12 1667
12 956
12 201
12 8196
12 3446
12 101
12 9630
12 34
12 3696
12 7006
12 264
12 7124
12 1813
12 6070
12 6747
12 16620
12 3878
12 4228
12 1492
12 4219
12 3015
12 1353
12 8211
12 1478
12 505
12 523
12 3384
12 3877
12 1096
12 1304
12 31
12 492
12 1317
12 4308
12 934
12 3909
12 6868
12 3664
12 2983
12 1715
12 41
12 4399
12 2443
12 332
12 2999
12 5039
12 548
12 446
12 8119
12 10428
12 1521
12 55
12 3078
12 2603
12 12542
12 1754
12 820
12 1439
12 9166
12 1350
12 3779
12 2936
12 6923
12 1730
12 7331
12 6079
12 1906
12 10563
12 748
12 26
12 2520
12 615
12 2684
12 1891
12 764
12 2388
12 170
12 3875
12 3286
12 130
12 1471
12 1896
12 18112
12 6370
12 8045
12 5543
12 3200
12 1080
12 328
12 5175
12 4448
12 1114
12 711
12 10758
12 1839
12 5007
12 8578
12 427
12 2086
12 3578
12 709
12 2312
12 4784
12 3286
12 525
12 692
12 1686
12 264
12 10218
12 12643
12 4360
12 1761
12 38
12 4390
12 400
12 615
12 13611
12 164
12 7297
12 3844
12 115
12 758
12 520
12 2392
12 393
12 3011
12 3996
12 514
12 1962
12 405
12 2369
12 2851
12 2771
12 1202
12 4168
12 4340
12 364
12 6410
12 1560
12 1821
12 1137
12 2359
12 39
12 627
12 1936
12 10694
12 230
12 3369
12 131
12 1364
12 10086
12 5389
12 676
12 955
12 1580
12 2306
12 1796
12 452
12 1271
12 1237
12 3753
12 1482
12 1613
12 16757
12 6179
12 2421
12 122
12 2811
12 2159
12 4286
12 2303
12 511
12 981
12 5295
12 1381
12 2431
12 7224
12 5800
12 1103
12 5211
12 6550
12 3691
12 1786
12 7632
12 1708
12 6407
12 6309
12 11747
12 1092
12 1223
12 4665
12 7903
12 2107
12 1031
12 196
12 325
12 4127
12 389
12 3975
12 1400
12 5090
12 2070
12 635
12 1496
12 1329
12 1878
12 2311
12 4424
12 675
12 260
12 493
12 3590
12 1017
12 5389
12 2566
12 531
12 3860
12 751
12 3046
12 10156
12 1349
12 11369
12 2565
12 1671
12 4239
12 1859
12 24527
12 7493
12 8040
12 1667
12 1577
12 1170
12 5521
12 11519
12 419
12 5495
12 1031
12 238
12 561
12 7358
12 5690
12 3108
12 1879
12 14727
12 3886
12 1798
12 11608
12 557
12 10071
12 23
12 4652
12 6159
12 1410
12 2892
12 5336
12 5034
12 8936
12 12419
12 297
12 9610
12 1488
12 3901
12 506
12 5373
12 8630
12 9174
12 3370
12 1291
12 1686
12 8921
12 804
12 1001
12 7995
12 1396
12 18082
12 1527
12 617
12 1515
12 2019
12 11220
12 2141
12 1094
12 2865
12 6948
12 13458
12 3669
12 565
12 8562
12 2596
12 6555
12 785
12 7186
12 1324
12 4846
12 870
12 949
12 10713
12 3204
12 538
12 4078
12 828
12 751
12 7704
12 2451
12 308
12 782
12 4537
12 5176
12 33
12 10735
12 301
12 774
12 3114
12 2473
12 1775
12 3879
12 1943
12 3931
12 7516
12 206
12 3552
12 8574
12 1158
12 2787
12 8331
12 5113
12 3503
12 813
12 4313
12 10827
12 3043
12 5170
12 5676
12 2743
12 5420
12 1164
12 918
12 6066
12 4588
12 3115
12 3568
12 9631
12 1273
12 4397
12 8046
12 2407
12 2007
12 846
12 988
12 160
12 2871
12 6036
12 5902
12 4361
12 3616
12 3056
12 4374
12 5365
12 8735
12 130
12 47
12 2178
12 6405
12 1008
12 7070
12 6450
12 3488
12 2620
12 1095
12 6072
12 4837
12 3119
12 370
12 3627
12 1266
12 2095
12 1753
12 1063
12 1996
12 626
12 8084
12 2729
12 958
12 2218
12 3358
12 834
12 164
12 3471
12 4077
12 837
12 4129
12 836
12 3529
12 1439
12 6494
12 5281
12 5360
12 2161
12 9666
12 3141
12 6863
12 668
12 985
12 9009
12 4260
12 336
12 1918
12 3684
12 4749
12 4078
12 156
12 3551
12 421
12 3556
12 4201
12 4505
12 1392
12 63
12 1046
12 13846
12 3791
12 4965
12 2685
12 1419
12 1976
12 340
12 426
12 4711
12 2831
12 1073
12 9854
12 3569
12 2360
12 1693
12 8278
12 6790
12 13597
12 8613
12 431
12 465
12 3480
12 275
12 2837
12 21341
12 3399
12 1043
12 5200
12 1529
12 897
12 1627
12 777
12 2004
12 10853
12 27357
12 83
12 1148
12 1329
12 701
12 9981
12 1690
12 226
12 15305
12 3259
12 126
12 855
12 3229
12 851
12 7733
12 895
12 955
12 1281
12 3468
12 1307
12 9482
12 8132
12 1561
12 866
12 1466
12 1536
12 1028
12 406
12 339
12 857
12 8996
12 4018
12 5080
12 1159
12 2104
12 1707
12 8235
12 15528
12 3978
12 4505
12 1427
12 11163
12 1219
12 1250
12 1145
12 11958
12 3974
12 8106
12 7649
12 1961
12 1089
12 3398
12 2189
12 1964
12 5408
12 2038
12 306
12 1321
12 5766
12 729
12 10562
12 3052
12 1597
12 4471
12 388
12 2413
12 960
12 3055
12 4532
12 3971
12 1030
12 5280
12 1631
12 2361
12 5363
12 1479
12 7679
12 518
12 5973
12 2903
12 5353
12 2117
12 3150
12 776
12 390
12 8688
12 832
12 4399
12 1832
12 7531
12 655
12 2770
12 10860
12 806
12 8269
12 3222
12 1368
12 3388
12 12855
12 1469
12 1965
12 1723
12 2796
12 777
12 19978
12 3914
12 684
12 436
12 1921
12 845
12 2867
12 3858
12 552
12 2204
12 2608
12 7899
12 6917
12 3009
12 2124
12 4319
12 2966
12 11863
12 1296
12 7863
12 1280
12 5729
12 6938
12 2146
12 3114
12 2116
12 6736
12 213
12 1144
12 5803
12 45
12 11501
12 1178
12 3319
12 8929
12 1039
12 470
12 485
12 288
12 1247
12 808
12 1581
12 1504
12 210
12 17686
12 1340
12 1993
12 1974
12 2766
12 11634
12 3561
12 1335
12 8126
12 1287
12 2762
12 269
12 2678
12 13589
12 2846
12 1082
12 1491
12 2051
12 1690
12 3159
12 833
12 2167
12 3016
12 3656
12 1397
12 709
12 4856
12 16001
12 911
12 2960
12 2240
12 9399
12 2557
12 1201
12 5627
12 1091
12 596
12 553
12 226
12 4972
12 794
12 19200
12 386
12 9518
12 9801
12 1251
12 2370
12 2056
12 3284
12 2851
12 4142
12 1303
12 7794
12 14610
12 2164
12 3054
12 5628
12 5660
12 4991
12 3463
12 5
12 2208
12 8680
12 1413
12 1600
12 3279
12 1063
12 2410
12 6538
12 881
12 15810
12 3866
