16 24703
16 73740
16 121351
16 15927
16 58377
16 96026
16 20128
16 76969
16 16778
16 94200
16 57928
16 51781
16 14847
16 53503
16 120409
16 76523
16 22045
16 9616
16 34925
16 6199
16 46858
16 83689
16 33378
16 106066
16 6079
16 129123
16 5749
16 75057
16 64491
16 22050
16 38340
16 84689
16 25369
16 3324
16 77021
16 19106
16 74193
16 24879
16 127495
16 130799
16 123932
16 45673
16 36498
16 69917
16 34711
16 147456
16 34974
16 22651
16 62079
16 33684
16 74589
16 48034
16 7713
16 84582
16 63020
16 145652
16 53373
16 148366
16 55736
16 26841
16 134281
16 63191
16 17291
16 54451
16 307457
16 52886
16 264651
16 24796
16 9004
16 931
16 29955
16 22877
16 5604
16 27328
16 142628
16 124618
16 593
16 81692
16 131441
16 97527
16 596
16 38001
16 41615
16 10012
16 6322
16 62843
16 78884
16 103080
16 15572
16 3194
16 58438
16 17093
16 605
16 89447
16 23506
16 2252
16 8346
16 66295
16 136985
16 18660
16 33547
16 29092
16 63142
16 77342
16 108079
16 45044
16 13615
16 229935
16 36446
16 35841
16 68670
16 62096
16 4614
16 207155
16 161105
16 38357
16 150735
16 66078
16 5236
16 87770
16 60055
16 62091
16 26679
16 74480
16 2096
16 16580
16 15372
16 55908
16 72755
16 298151
16 53994
16 62255
16 415346
16 112374
16 82560
16 142672
16 45812
16 12090
16 31726
16 47414
16 1164
16 26918
16 2507
16 53472
16 185518
16 24833
16 9574
16 92121
16 19969
16 65465
16 45055
16 176305
16 25172
16 37751
16 43860
16 87912
16 25820
16 117560
16 56660
16 101593
16 96486
16 253176
16 102203
16 80974
16 12065
16 48537
16 197355
16 16267
16 111555
16 63622
16 40998
16 36895
16 24226
16 311050
16 5837
16 7250
16 33052
16 26387
16 16116
16 45065
16 40944
16 64876
16 6650
16 416268
16 236920
16 65029
16 1221
16 75197
16 161675
16 181091
16 26051
16 67839
16 182102
16 142628
16 41
16 98352
16 13086
16 27835
16 152023
16 94788
16 27466
16 1634
16 52313
16 13683
16 14616
16 106527
16 53422
16 41964
16 11883
16 310261
16 97885
16 69877
16 17877
16 121757
16 41430
16 34994
16 132157
16 15789
16 6010
16 76871
16 125037
16 35116
16 18552
16 139367
16 44090
16 18086
16 6120
16 58713
16 13277
16 80299
16 23181
16 25145
16 17638
16 52464
16 72556
16 6032
16 118394
16 222605
16 41837
16 10511
16 46218
16 107502
16 9310
16 42223
16 17679
16 1972
16 24610
16 15098
16 58764
16 5090
16 85653
16 48860
16 246467
16 28940
16 42604
16 3381
16 81058
16 62080
16 33319
16 32244
16 84934
16 36794
16 24053
16 56911
16 70767
16 12971
16 8645
16 42313
16 44315
16 18143
16 42952
16 4278
16 121997
16 19849
16 107475
16 130159
16 76165
16 72478
16 158342
16 98417
16 7630
16 19005
16 84610
16 132203
16 908
16 55082
16 22352
16 2739
16 24027
16 58780
16 7035
16 45614
16 323748
16 35077
16 57360
16 130541
16 13563
16 41162
16 106903
16 37864
16 75284
16 29428
16 169785
16 176795
16 77342
16 18997
16 18056
16 1891
16 163316
16 107815
16 124456
16 46247
16 14753
16 60250
16 23120
16 30218
16 19444
16 134770
16 32165
16 40559
16 24805
16 32338
16 138506
16 3704
16 106397
16 1393
16 11989
16 68891
16 72035
16 60622
16 9569
16 8136
16 140907
16 92921
16 99124
16 123185
16 8549
16 32733
16 2534
16 85639
16 115053
16 7156
16 149875
16 7662
16 8431
16 12030
16 76295
16 51870
16 80514
16 116216
16 38658
16 102909
16 59579
16 14250
16 45864
16 7332
16 37544
16 108326
16 915
16 10120
16 33595
16 49097
16 12642
16 268252
16 62090
16 119495
16 114254
16 98749
16 43057
16 27228
16 63278
16 149506
16 94677
16 1559
16 337495
16 33064
16 13270
16 25002
16 60359
16 18696
16 54304
16 40829
16 66579
16 18446
16 31253
16 97993
16 2364
16 67332
16 63336
16 25564
16 323644
16 99392
16 18959
16 15254
16 25242
16 320
16 161433
16 92676
16 127345
16 426335
16 231631
16 20228
16 137367
16 96853
16 2391
16 151140
16 81470
16 11987
16 102440
16 83107
16 59487
16 85130
16 81132
16 27294
16 69469
16 70260
16 151558
16 30988
16 164642
16 47825
16 810
16 14666
16 29032
16 137144
16 13645
16 157797
16 16317
16 40499
16 88348
16 47409
16 60220
16 20568
16 150450
16 6486
16 89992
16 59130
16 35811
16 13790
16 31322
16 32749
16 77613
16 12079
16 18342
16 78186
16 54441
16 64645
16 42349
16 68650
16 40640
16 200649
16 84189
16 37731
16 113141
16 20798
16 140094
16 48596
16 144256
16 13041
16 160056
16 117194
16 478199
16 1673
16 15441
16 118663
16 25907
16 17626
16 36957
16 227831
16 31679
16 28505
16 30563
16 4968
16 58312
16 35881
16 4202
16 85707
16 40614
16 43575
16 91466
16 66949
16 124483
16 57745
16 125216
16 128356
16 15456
16 225851
16 31215
16 22091
16 2855
16 10304
16 63243
16 41822
16 12950
16 1108
16 46032
16 93211
16 69782
16 1551
16 5373
16 65183
16 94189
16 115146
16 5157
16 128287
16 40781
16 15601
16 121893
16 122467
16 28056
16 87736
16 3330
16 8480
16 34449
16 17617
16 65286
16 15294
16 19820
16 28985
16 51891
16 85117
16 148912
16 1832
16 268182
16 129442
16 135059
16 126620
16 44041
16 55002
16 33950
16 150616
16 180491
16 39737
16 39226
16 30982
16 37569
16 13693
16 139171
16 5825
16 105157
16 63220
16 25305
16 28718
16 44668
16 30195
16 119893
16 312897
16 22836
16 48412
16 111
16 98358
16 147689
16 13317
16 11903
16 52454
16 286
16 33425
16 61728
16 113985
16 4408
16 7025
16 12622
16 100357
16 294328
16 28154
16 39773
16 31183
16 40881
16 36029
16 82829
16 8775
16 25570
16 6630
16 78971
16 32073
16 164715
16 4185
16 57215
16 51778
16 153026
16 6483
16 4299
16 5650
16 4961
16 92175
16 23342
16 19117
16 96461
16 81675
16 47657
16 71214
16 157743
16 121443
16 497
16 24514
16 132269
16 9288
16 53436
16 20340
16 49695
16 251066
16 62841
16 22842
16 15159
16 14895
16 21445
16 64818
16 2246
16 215865
16 221
16 30161
16 23330
16 277533
16 41964
16 33817
16 12043
16 155637
16 44830
16 70562
16 14302
16 16374
16 64050
16 13842
16 9554
16 26604
16 93036
16 93216
16 137333
16 10742
16 33452
16 120219
16 6021
16 1687
16 32975
16 55170
16 3826
16 102694
16 79002
16 76378
16 16166
16 68510
16 5095
16 40444
16 202385
16 58589
16 12308
16 25633
16 47623
16 5574
16 32275
16 37216
16 76494
16 2941
16 115693
16 40322
16 9424
16 76414
16 176736
16 62702
16 167634
16 32917
16 92708
16 16615
16 34682
16 58385
16 112819
16 9607
16 1824
16 38294
16 45171
16 37415
16 29620
16 53025
16 103434
16 20674
16 126087
16 16324
16 2061
16 33926
16 4424
16 26110
16 13828
16 39655
16 37121
16 20532
16 49912
16 21213
16 131085
16 14243
16 100418
16 13165
16 42650
16 25917
16 12273
16 83240
16 74766
16 143429
16 112774
16 20295
16 18750
16 96404
16 2602
16 19862
16 62440
16 96359
16 46266
16 17677
16 31437
16 4196
16 19293
16 16577
16 72871
16 82690
16 123689
16 10498
16 30289
16 58056
16 35881
16 21469
16 295775
16 181717
16 11028
16 14120
16 124970
16 76329
16 247804
16 27150
16 47728
16 12423
16 4256
16 114733
16 249121
16 233420
16 100070
16 149511
16 11937
16 104319
16 131361
16 63801
16 8510
16 55403
16 3200
16 3475
16 15817
16 49377
16 20981
16 54414
16 6531
16 54804
16 11084
16 75500
16 34403
16 92964
16 37820
16 54963
16 24126
16 47790
16 163973
16 13819
16 106149
16 82552
16 109153
16 175810
16 32132
16 111750
16 36276
16 40205
16 5940
16 167033
16 55991
16 91394
16 95843
16 11973
16 104366
16 32131
16 82114
16 92906
16 106142
16 3759
16 337839
16 73441
16 6231
16 34735
16 50863
16 65204
16 62858
16 82464
16 23236
16 56086
16 128827
16 38476
16 55557
16 28196
16 21456
16 75918
16 20734
16 44271
16 77434
16 4942
16 35331
16 230213
16 87591
16 7953
16 36999
16 193869
16 3772
16 59345
16 54848
16 127675
16 59616
16 39546
16 81505
16 37549
16 21348
16 41395
16 118405
16 93545
16 17450
16 97036
16 22158
16 204616
16 93194
16 192054
16 75074
16 67258
16 66669
16 56053
16 96304
16 133104
16 297947
16 10298
16 5617
16 6584
16 11652
16 16676
16 165375
16 55825
16 6952
16 30639
16 106367
16 43212
16 152822
16 131020
16 76829
16 35455
16 2841
16 9674
16 6529
16 156086
16 19118
16 8419
16 237372
16 52479
16 11575
16 3946
16 34706
16 162009
16 17103
16 77130
16 34057
16 17650
16 29573
16 154127
16 62172
16 36182
16 58483
16 52146
16 39263
16 48718
16 59115
16 9760
16 10452
16 24162
16 25282
16 143602
16 29866
16 20523
16 57509
16 43279
16 28546
16 48089
16 65290
16 2584
16 34574
16 63123
16 76975
16 1752
16 103094
16 26255
16 29920
16 123595
16 61206
16 35005
16 6960
16 132439
16 27117
16 28923
16 54395
16 105254
16 13955
16 24807
16 21832
16 9790
16 233990
16 42640
16 33202
16 124364
16 1027
16 98931
16 15057
16 201149
16 26557
16 4569
16 70030
16 34278
16 103916
16 15587
16 66724
16 26517
16 20154
16 81940
16 128978
16 67155
16 5323
16 148538
16 6123
16 140427
16 187384
16 136931
16 217383
16 58147
16 43430
16 101918
16 116044
16 159626
16 63165
16 4000
16 143769
16 59130
16 3858
16 67521
16 55132
16 7665
16 23568
16 138741
16 14804
16 6607
16 869
16 189530
16 52508
16 3482
16 31661
16 10235
16 97650
16 174576
16 11626
16 892
16 7779
16 32102
16 15226
16 99009
16 60369
16 20483
16 51363
16 24448
16 6459
16 215310
16 16037
16 92099
16 24454
16 256665
16 43920
16 45364
16 52835
16 28586
16 62914
16 134827
16 98510
16 59535
16 84943
16 126331
16 23896
16 150195
16 15095
16 84260
16 25547
16 129235
16 117191
16 15542
16 54627
16 29739
16 5421
16 87154
16 141825
16 91516
16 67373
16 60671
16 109690
16 105775
16 56931
16 107331