12 13271
12 3588
12 1152
12 1639
12 2327
12 242
12 1310
12 904
12 2406
12 1560
12 3342
12 4912
12 7773
12 1069
12 4699
12 275
12 18119
12 1034
12 1057
12 1788
12 2403
12 573
12 4011
12 20448
12 634
12 1531
12 173
12 1606
12 136
12 2524
12 591
12 2286
12 736
12 9071
12 8507
12 738
12 2401
12 10286
12 1756
12 3947
12 6680
12 1303
12 2458
12 3082
12 839
12 357
12 968
12 1602
12 2540
12 1263
12 5304
12 6808
12 2378
12 1936
12 9147
12 2029
12 6409
12 11365
12 880
12 3114
12 4848
12 619
12 1658
12 284
12 1102
12 825
12 24476
12 602
12 5150
12 2490
12 611
12 5130
12 717
12 3454
12 24
12 1647
12 1750
12 852
12 1962
12 4483
12 10159
12 4596
12 549
12 425
12 2734
12 4386
12 4320
12 4925
12 3762
12 6210
12 6070
12 528
12 12070
12 9896
12 4866
12 5542
12 6978
12 11218
12 8651
12 1038
12 4243
12 5272
12 2280
12 1968
12 1260
12 10869
12 6148
12 257
12 462
12 2253
12 1450
12 5193
12 978
12 2267
12 3270
12 5701
12 2678
12 414
12 1750
12 8438
12 616
12 4473
12 4059
12 432
12 16766
12 11477
12 3784
12 5346
12 1314
12 4814
12 9156
12 1510
12 2005
12 5706
12 4558
12 8668
12 727
12 12396
12 4038
12 2676
12 1841
12 7580
12 331
12 3200
12 4658
12 10
12 2160
12 7994
12 1300
12 6131
12 5155
12 2202
12 6102
12 6032
12 4458
12 871
12 2438
12 1316
12 2623
12 5232
12 1075
12 1958
12 4881
12 2096
12 206
12 22124
12 553
12 2420
12 2941
12 2980
12 692
12 15105
12 1086
12 4405
12 5294
12 2143
12 13933
12 4022
12 3862
12 1315
12 4283
12 843
12 522
12 970
12 1260
12 992
12 3533
12 6705
12 2295
12 196
12 2458
12 1117
12 3094
12 3237
12 5668
12 5441
12 3627
12 10842
12 605
12 23
12 9682
12 3784
12 7488
12 5402
12 3025
12 2610
12 90
12 10539
12 709
12 2832
12 1796
12 4666
12 107
12 562
12 9290
12 1062
12 12549
12 1604
12 3496
12 1713
12 1135
12 524
12 413
12 3834
12 2016
12 4412
12 6623
12 1508
12 6192
12 8601
12 984
12 1876
12 1401
12 2529
12 5449
12 5867
12 3730
12 1134
12 8623
12 2352
12 9280
12 5657
12 519
12 304
12 822
12 5333
12 4824
12 1644
12 10159
12 1641
12 504
12 14123
12 3009
12 3241
12 2250
12 2098
12 2838
12 4962
12 4615
12 3173
12 5226
12 956
12 1105
12 5362
12 20302
12 3894
12 5251
12 18358
12 3546
12 1935
12 678
12 122
12 1155
12 5524
12 10596
12 3036
12 146
12 2501
12 2850
12 3316
12 278
12 8538
12 6846
12 3514
12 9117
12 1378
12 6276
12 2934
12 6230
12 5662
12 2887
12 32
12 13736
12 1138
12 113
12 1077
12 5717
12 1024
12 5445
12 5423
12 1775
12 6155
12 1622
12 2330
12 499
12 2046
12 5198
12 2049
12 899
12 3587
12 11016
12 4953
12 2992
12 6841
12 4473
12 10079
12 5461
12 955
12 1193
12 2287
12 5361
12 4070
12 4443
12 788
12 1232
12 577
12 1878
12 9150
12 2319
12 10398
12 4692
12 4782
12 1136
12 1314
12 1113
12 679
12 4230
12 15197
12 4684
12 922
12 917
12 4392
12 22909
12 339
12 7772
12 4246
12 2677
12 1590
12 5397
12 3807
12 5664
12 4557
12 3719
12 6198
12 9070
12 7363
12 3847
12 633
12 3269
12 6681
12 11614
12 5998
12 9779
12 8393
12 4445
12 1512
12 36
12 1206
12 2451
12 6787
12 4159
12 2030
12 2117
12 10899
12 2325
12 1550
12 383
12 5530
12 10321
12 5308
12 6765
12 937
12 3923
12 3783
12 2520
12 533
12 6016
12 7475
12 9074
12 2589
12 1165
12 2693
12 3534
12 8701
12 3679
12 48
12 1041
12 127
12 1236
12 3007
12 7204
12 4
12 10185
12 10049
12 906
12 1397
12 428
12 10334
12 2282
12 729
12 1452
12 2159
12 7328
12 2273
12 2803
12 10389
12 8870
12 7023
12 3314
12 1477
12 158
12 81
12 144
12 43
12 16177
12 9481
12 2632
12 12726
12 3975
12 9417
12 8820
12 3310
12 6218
12 6664
12 3509
12 8597
12 104
12 848
12 2383
12 7939
12 12559
12 3013
12 957
12 18764
12 1638
12 10180
12 5706
12 2156
12 467
12 1241
12 16828
12 2967
12 2304
12 5586
12 343
12 1342
12 10337
12 1521
12 691
12 2705
12 7300
12 3568
12 24601
12 19742
12 7755
12 2825
12 8660
12 9765
12 30107
12 746
12 425
12 2759
12 11132
12 546
12 9946
12 5144
12 2462
12 297
12 1986
12 6914
12 22841
12 591
12 894
12 12996
12 1335
12 616
12 164
12 2775
12 6162
12 8731
12 10269
12 933
12 2269
12 1657
12 644
12 1335
12 14
12 11210
12 4359
12 174
12 1021
12 133
12 9617
12 2889
12 5889
12 14239
12 794
12 3946
12 63
12 26
12 1102
12 135
12 3605
12 5182
12 5261
12 400
12 3240
12 5356
12 3855
12 6233
12 4387
12 1985
12 29355
12 4700
12 144
12 171
12 9903
12 2815
12 2333
12 1250
12 14739
12 8622
12 14909
12 12789
12 4172
12 150
12 1586
12 8475
12 2648
12 2231
12 12780
12 3643
12 11246
12 16653
12 7941
12 1110
12 3389
12 993
12 1718
12 3598
12 7062
12 1990
12 3355
12 17217
12 8443
12 4607
12 533
12 3359
12 1202
12 9091
12 7296
12 3991
12 1062
12 2747
12 18231
12 1535
12 5046
12 138
12 1958
12 15876
12 8903
12 655
12 1886
12 2890
12 653
12 5216
12 1182
12 4113
12 2100
12 1757
12 1946
12 3301
12 9081
12 391
12 7820
12 6505
12 3358
12 27342
12 864
12 1875
12 3956
12 13838
12 4177
12 380
12 6916
12 7645
12 348
12 29
12 4887
12 3379
12 3115
12 1145
12 3887
12 182
12 5525
12 276
12 3251
12 17639
12 9326
12 796
12 11297
12 984
12 2547
12 5913
12 560
12 7521
12 15150
12 3621
12 7294
12 3201
12 2635
12 28225
12 262
12 1373
12 780
12 2190
12 2482
12 4457
12 870
12 9983
12 1015
12 2461
12 8051
12 3832
12 3769
12 6505
12 7519
12 557
12 24
12 6643
12 1693
12 20889
12 4089
12 879
12 3849
12 5140
12 1252
12 1427
12 4680
12 459
12 4458
12 10683
12 1789
12 3834
12 6266
12 6451
12 3115
12 1016
12 2315
12 11645
12 10344
12 4614
12 15131
12 808
12 634
12 9948
12 11184
12 9209
12 1636
12 3577
12 4130
12 855
12 227
12 1751
12 7077
12 6279
12 797
12 5354
12 4461
12 2299
12 545
12 4533
12 1918
12 10825
12 3637
12 5916
12 4215
12 3858
12 12758
12 24
12 390
12 902
12 20
12 3590
12 1966
12 76
12 5094
12 577
12 9558
12 3780
12 4366
12 652
12 6609
12 52
12 13317
12 438
12 1815
12 3666
12 3297
12 1877
12 5639
12 1421
12 1377
12 1267
12 6652
12 2721
12 4148
12 4658
12 15400
12 5627
12 1290
12 2139
12 11016
12 4488
12 496
12 4303
12 2088
12 4124
12 1367
12 1968
12 7237
12 755
12 9434
12 7813
12 933
12 9080
12 2444
12 2683
12 1821
12 4437
12 4879
12 2539
12 2722
12 2610
12 4018
12 4674
12 1996
12 5511
12 619
12 2363
12 9661
12 1975
12 2230
12 9576
12 1361
12 500
12 5528
12 2953
12 171
12 665
12 5031
12 705
12 1856
12 3786
12 860
12 50
12 145
12 24255
12 5723
12 1429
12 3136
12 1410
12 1158
12 23686
12 9786
12 1102
12 4072
12 1342
12 2059
12 338
12 5886
12 15093
12 2786
12 7004
12 5658
12 6277
12 11157
12 11378
12 10654
12 7240
12 2423
12 214
12 202
12 6751
12 6790
12 14574
12 167
12 8640
12 6252
12 3210
12 56
12 5176
12 2571
12 3180
12 9261
12 3524
12 3196
12 9157
12 1403
12 2285
12 4847
12 12771
12 2915
12 1079
12 4201
12 9361
12 721
12 6418
12 772
12 4162
12 11694
12 3519
12 1143
12 14076
12 3027
12 632
12 2093
12 806
12 12553
12 9562
12 307
12 33
12 2452
12 1377
12 1048
12 4034
12 4785
12 10213
12 547
12 1420
12 215
12 6717
12 3109
12 1136
12 387
12 2084
12 1274
12 6198
12 12145
12 3205
12 246
12 3326
12 1155
12 215
12 1884
12 96
12 3534
12 1519
12 7926
12 6518
12 10708
12 13
12 1151
12 14664
12 5736
12 12072
12 4971
12 4869
12 1413
12 2114
12 2898
12 1889
12 1705
12 776
12 2877
12 7584
12 2896
12 4408
12 12478
12 2158
12 975
12 186
12 1798
12 2270
12 928
12 5697
12 1846
12 12432
12 8537
12 5113
12 9620
12 1689
12 618
12 1677
12 692
12 9049
12 3762
12 2674
12 617
12 1279
12 13049
12 791
12 515
12 7552
12 658
12 5696
12 1293
12 3292
12 3686
12 3700
12 6311
12 7111
12 38
12 3118
12 4012
12 16535
12 414
12 701
12 3072
12 9210
12 723
12 3798
12 7795
12 1251
12 11963
12 2802
12 3113
12 4256
12 7618
12 1661
12 533
12 1672
12 870
12 1652
12 9324
12 6153
12 4808
12 1327
12 5054
12 4441
12 608
12 192
12 6931
12 1734
12 4013
12 3940
12 8240
12 13222
12 1728
12 308
12 3149
12 5213
12 1940
12 1887
12 739
12 3780
12 1127
12 1263
12 1632
12 7182
12 5998
12 2083
12 2249
12 10209
12 5780
12 1783
12 3297
12 1251
12 6425
12 4012
12 7024
12 2408
12 7785
12 4258
12 11080
12 2784
12 2305
12 5453
12 17708
12 337
12 697
12 693
12 4470
12 5796
12 900
12 256
12 85
12 5780
12 2983
12 5191
12 202
12 97
12 3229
12 16007
12 2483
12 2128
12 1779
12 3806
12 1138
12 13387
16 79454
16 84660
16 61684
16 43479
16 10694
16 42066
16 134008
16 9148
16 37805
16 67320
16 18022
16 113819
16 13933
16 14847
16 98224
16 16421
16 15215
16 3496
16 43761
16 113377
16 61387
16 57539
16 48204
16 96709
16 68612
16 162349
16 58391
16 14024
16 9074
16 6447
16 15962
16 96017
16 28716
16 26118
16 160565
16 136912
16 66005
16 13471
16 247412
16 16653
16 15151
16 239442
16 20548
16 88475
16 63752
16 79594
16 86800
16 42208
16 98420
16 46929
16 117329
16 33386
16 258677
16 26978
16 51215
16 721
16 6418
16 39025
16 2093
16 161341
16 48065
16 5229
16 61660
16 44802
16 175401
16 57413
16 45776
16 158659
16 28617
16 44025
16 108515
16 16596
16 18397
16 176078
16 64943
16 21608
16 43071
16 77617
16 25151
16 159255
16 20495
16 17964
16 62783
16 46945
16 35122
16 155030
16 16237
16 190118
16 133066
16 74395
16 27762
16 6344
16 18458
16 23187
16 193901
16 83475
16 10794
16 52433
16 11290
16 206910
16 16953
16 6569
16 70830
16 13436
16 235851
16 75948
16 36703
16 27361
16 2382
16 1055
16 142419
16 305155
16 14838
16 102223
16 57121
16 10184
16 146152
16 51669
16 126272
16 44113
16 35368
16 261037
16 40508
16 774
16 41747
16 3569
16 58514
16 73402
16 127387
16 1733
16 294706
16 92221
16 3006
16 57022
16 193604
16 38472
16 68662
16 512
16 74545
16 72224
16 42246
16 58956
16 258489
16 50592
16 61033
16 8796
16 35746
16 128491
16 15520
16 70994
16 61334
16 67606
16 2886
16 142013
16 70904
16 105406
16 17894
16 88778
16 141875
16 73888
16 4291
16 36904
16 128233
16 214450
16 54122
16 31770
16 2065
16 40869
16 92806
16 8718
16 51349
16 53487
16 31926
16 46790
16 41602
16 42297
16 1242
16 3044
16 32635
16 2190
16 204144
16 21950
16 96147
16 51383
16 13019
16 3134
16 99859
16 11023
16 13912
16 81323
16 93979
16 2560
16 46046
16 52643
16 75287
16 39292
16 64698
16 100949
16 46695
16 75985
16 14395
16 97493
16 17081
16 123653
16 5234
16 161210
16 123615
16 173564
16 3206
16 50349
16 10006
16 18901
16 14949
16 3307
16 87637
16 17224
16 155957
16 58520
16 3121
16 36478
16 90158
16 7287
16 48629
16 3258
16 57843
16 11865
16 5432
16 35585
16 19111
16 74645
16 111817
16 49485
16 57358
16 169686
16 57052
16 54768
16 18474
16 246072
16 19729
16 26640
16 22986
16 153748
16 49847
16 59468
16 16581
16 41420
16 78366
16 56847
16 10061
16 24101
16 23151
16 61493
16 125666
16 24017
16 11388
16 139900
16 17806
16 34806
16 76610
16 78225
16 27345
16 7195
16 289920
16 25119
16 124645
16 203194
16 11206
16 88227
16 4655
16 32008
16 152429
16 262372
16 27063
16 30470
16 9910
16 365588
16 68611
16 23183
16 27467
16 27982
16 30738
16 89079
16 22246
16 125491
16 16424
16 6442
16 10307
16 82493
16 7255
16 41375
16 339904
16 41749
16 66559
16 84881
16 130390
16 47528
16 117718
16 241067
16 60680
16 231940
16 54049
16 112390
16 76890
16 24798
16 58656
16 144325
16 182048
16 133543
16 179861
16 6607
16 54477
16 160049
16 46956
16 82206
16 131123
16 82839
16 172950
16 37013
16 1504
16 77600
16 134203
16 17091
16 29618
16 90689
16 159199
16 18819
16 87130
16 22142
16 59133
16 133957
16 79384
16 22432
16 22825
16 48137
16 78930
16 151446
16 3987
16 139376
16 38192
16 38615
16 44824
16 23276
16 1833
16 16563
16 71188
16 24370
16 30685
16 128367
16 152602
16 59125
16 56286
16 25228
16 153472
16 8973
16 22508
16 241387
16 212397
16 95557
16 106833
16 34913
16 242394
16 7419
16 1718
16 16261
16 226228
16 46691
16 19930
16 49956
16 43687
16 19116
16 59261
16 354658
16 3604
16 149434
16 17024
16 111546
16 56586
16 34519
16 27083
16 6922
16 73599
16 119092
16 63560
16 6306
16 63591
16 22887
16 49320
16 1499
16 105578
16 59707
16 11815
16 29646
16 41383
16 43655
16 43977
16 10016
16 34983
16 52325
16 7661
16 172091
16 138277
16 88024
16 177567
16 51391
16 12127
16 18598
16 4621
16 53827
16 114516
16 35502
16 249453
16 32539
16 40353
16 71532
16 43475
16 62863
16 60859
16 36091
16 223591
16 102413
16 14942
16 21971
16 141956
16 142212
16 59164
16 70839
16 74669
16 1134
16 123546
16 40501
16 63340
16 2664
16 24568
16 426474
16 95358
16 26284
16 126817
16 949
16 25552
16 117293
16 74784
16 293826
16 24260
16 98004
16 72373
16 2735
16 58988
16 25273
16 49168
16 143397
16 30288
16 81914
16 100142
16 3345
16 17260
16 162389
16 168713
16 12622
16 141350
16 820
16 30721
16 132280
16 314392
16 79785
16 24979
16 28632
16 86256
16 178628
16 58458
16 71222
16 1944
16 36635
16 132574
16 19070
16 43675
16 47168
16 83067
16 105196
16 49822
16 36567
16 111854
16 68560
16 985
16 23426
16 29889
16 100806
16 82439
16 161383
16 60167
16 102182
16 3142
16 63916
16 97542
16 51447
16 8700
16 179152
16 62404
16 33415
16 68291
16 71737
16 19004
16 1766
16 116804
16 80389
16 7697
16 3965
16 115514
16 29678
16 31199
16 171744
16 52615
16 40883
16 301669
16 123184
16 30296
16 44903
16 31627
16 113215
16 38800
16 66127
16 2445
16 108193
16 15223
16 26199
16 65213
16 71795
16 208411
16 115413
16 28565
16 204105
16 30060
16 81027
16 17795
16 164905
16 63657
16 61133
16 56459
16 16943
16 136639
16 7274
16 18457
16 72936
16 21121
16 68126
16 63798
16 17122
16 46468
16 11277
16 33475
16 8698
16 84468
16 234913
16 4097
16 168114
16 22303
16 29892
16 24863
16 17051
16 98831
16 10021
16 1982
16 29419
16 32887
16 4269
16 45450
16 35577
16 44884
16 20703
16 105603
16 73783
16 162649
16 97144
16 29648
16 60227
16 74694
16 121495
16 116361
16 7067
16 53690
16 35985
16 22892
16 144500
16 38694
16 1616
16 40321
16 22340
16 51596
16 111148
16 80701
16 158693
16 126538
16 69911
16 119693
16 22231
16 272360
16 34842
16 55878
16 85753
16 5354
16 145861
16 61034
16 21482
16 13151
16 57544
16 40848
16 253424
16 91351
16 129339
16 138036
16 137234
16 30374
16 12366
16 180405
16 12990
16 195024
16 115156
16 32412
16 61201
16 127156
16 114276
16 89935
16 3708
16 153382
16 109303
16 69074
16 42743
16 2622
16 208732
16 75769
16 9506
16 134517
16 200590
16 22504
16 16357
16 260340
16 54005
16 11574
16 101441
16 52920
16 89797
16 25933
16 1249
16 83561
16 56764
16 99116
16 203835
16 113338
16 57290
16 75435
16 118424
16 3020
16 70470
16 27837
16 3213
16 61992
16 96408
16 30311
16 39179
16 5172
16 43109
16 3654
16 125778
16 74242
16 69587
16 18597
16 56340
16 48198
16 70196
16 125441
16 56988
16 16743
16 11980
16 28506
16 183351
16 124620
16 7937
16 219141
16 8187
16 72949
16 25824
16 96672
16 268664
16 32157
16 33174
16 138578
16 85420
16 3655
16 20750
16 45209
16 3491
16 28534
16 59265
16 22832
16 28765
16 85338
16 185452
16 10587
16 235411
16 34342
16 74990
16 186622
16 3240
16 10601
16 108445
16 51504
16 30904
16 53347
16 2455
16 430484
16 6775
16 1314
16 7320
16 85395
16 131518
16 53083
16 74157
16 18117
16 67318
16 28599
16 58374
16 26771
16 14748
16 2810
16 52448
16 59463
16 37383
16 71717
16 162414
16 6199
16 49467
16 6358
16 128642
16 36443
16 85488
16 68378
16 25642
16 6415
16 69147
16 39369
16 58918
16 10048
16 39307
16 27315
16 517
16 188716
16 44949
16 36968
16 54193
16 174469
16 120574
16 327
16 215852
16 7526
16 198171
16 3661
16 32336
16 113614
16 188573
16 59197
16 30312
16 15588
16 56160
16 39210
16 67289
16 3034
16 9712
16 22257
16 13929
16 201054
16 92351
16 151078
16 18035
16 26467
16 39520
16 37
16 477
16 122532
16 9140
16 19439
16 39091
16 50401
16 58259
16 34647
16 5015
16 16350
16 133877
16 94292
16 126985
16 28694
16 128562
16 2266
16 17284
16 14252
16 12356
16 78358
16 183785
16 8331
16 17941
16 54502
16 152908
16 27258
16 29608
16 34593
16 80690
16 31374
16 95980
16 43422
16 53501
16 45285
16 4664
16 19301
16 72371
16 89041
16 161226
16 14191
16 41197
16 157134
16 11288
16 146078
16 124427
16 21370
16 101802
16 48805
16 70499
16 61364
16 3264
16 13140
16 43203
16 63707
16 79041
16 16272
16 22190
16 56497
16 38784
16 125091
16 158390
16 41907
16 149178
16 59505
16 66495
16 10187
16 132829
16 81001
16 57990
16 82863
16 23680
16 64919
16 52716
16 66530
16 88990
16 60662
16 24199
16 47796
16 127341
16 28130
16 104345
16 124274
16 14008
16 9567
16 127069
16 2605
16 54772
16 13068
16 95825
16 205145
16 25090
16 6507
16 77094
16 106296
16 87953
16 706
16 280326
16 99023
16 62324
16 122782
16 43299
16 38611
16 86135
16 16939
16 19401
16 34957
16 105635
16 70654
16 104227
16 3361
16 268371
16 10486
16 24521
16 58302
16 33476
16 55081
16 75791
16 49604
16 46859
16 137141
16 50369
16 128601
16 120734
16 46455
16 6290
16 235577
16 20226
16 133855
16 24865
16 58682
16 123729
16 101753
16 52251
16 26669
16 123052
16 90432
16 66737
16 123974
16 73873
16 12761
16 10892
16 69732
16 25724
16 4881
16 40964
16 54835
16 19622
16 97902
16 107621
16 65589
16 26335
16 30671
16 17658
16 841
16 155016
16 39038
16 23966
16 62590
16 37185
16 79966
16 125691
16 39537
16 15836
16 56464
16 5841
16 14338
16 84246
16 22687
16 12968
16 127187
16 58703
16 1896
16 69200
16 48152
16 1156
16 102392
16 7947
16 21142
16 8724
16 180258
16 22321
16 77429
16 17915
16 9756
16 75212
16 60832
16 80006
16 37849
16 37332
16 139248
16 112224
16 17379
16 63168
16 7903
16 96362
16 7851
16 121440
16 14881
16 211564
16 124802
16 49206
16 73048
16 143811
16 38054
16 8611
16 3369
16 96269
16 7395
16 59770
16 29999
16 15889
16 3676
16 52416
16 93409
16 62517
16 51564
16 22968
16 27915
16 112533
16 170217
16 93121
16 38109
16 5188
16 2961
16 5426
20 null
20 null
20 null
20 null
20 null
20 null
20 null
20 null
20 null
20 null
20 null
20 null
20 null
20 null
20 null
20 null
20 null
20 null
20 null
20 null
20 null
20 null
20 null
20 null
20 null
20 null
20 null
20 null
20 null
20 null
20 null
20 null
20 null
20 null
20 null
20 null
20 null
20 null
20 null
20 null
20 null
20 null
20 null
20 null
20 null
20 null
20 null
20 null
20 null
20 null
20 null
20 null
20 null
20 null
20 null
20 null
20 null
20 null
20 null
20 null
20 null
20 null
20 null
20 null
20 null
20 null
20 null
20 null
20 null
20 null
20 null
20 null
20 null
20 null
20 null
20 null
20 null
20 null
20 null
20 null
20 null
20 null
20 null
20 null
20 null
20 null
20 null
20 null
20 null
20 null
20 null
20 null
20 null
20 null
20 null
20 null
20 null
20 null
20 null
20 null
20 null
20 null
20 null
20 null
20 null
20 null
20 null
20 null
20 null
20 null
20 null
20 null
20 null
20 null
20 null
20 null
20 null
20 null
20 null
20 null
20 null
20 null
20 null
20 null
20 null
20 null
20 null
20 null
20 null
20 null
20 null
20 null
20 null
20 null
20 null
20 null
20 null
20 null
20 null
20 null
20 null
20 null
20 null
20 null
20 null
20 null
20 null
20 null
20 null
20 null
20 null
20 null
20 null
20 null
20 null
20 null
20 null
20 null
20 null
20 null
20 null
20 null
20 null
20 null
20 null
20 null
20 null
20 null
20 null
20 null
20 null
20 null
20 null
20 null
20 null
20 null
20 null
20 null
20 null
20 null
20 null
20 null
20 null
20 null
20 null
20 null
20 null
20 null
20 null
20 null
20 null
20 null
20 null
20 null
20 null
20 null
20 null
20 null
20 null
20 null
20 null
20 null
20 null
20 null
20 null
20 null
20 null
20 null
20 null
20 null
20 null
20 null
20 null
20 null
20 null
20 null
20 null
20 null
20 null
20 null
20 null
20 null
20 null
20 null
20 null
20 null
20 null
20 null
20 null
20 null
20 null
20 null
20 null
20 null
20 null
20 null
20 null
20 null
20 null
20 null
20 null
20 null
20 null
20 null
20 null
20 null
20 null
20 null
20 null
20 null
20 null
20 null
20 null
20 null
20 null
20 null
20 null
20 null
20 null
20 null
20 null
20 null
20 null
20 null
20 null
20 null
20 null
20 null
20 null
20 null
20 null
20 null
20 null
20 null
20 null
20 null
20 null
20 null
20 null
20 null
20 null
20 null
20 null
20 null
20 null
20 null
20 null
20 null
20 null
20 null
20 null
20 null
20 null
20 null
20 null
20 null
20 null
20 null
20 null
20 null
20 null
20 null
20 null
20 null
20 null
20 null
20 null
20 null
20 null
20 null
20 null
20 null
20 null
20 null
20 null
20 null
20 null
20 null
20 null
20 null
20 null
20 null
20 null
20 null
20 null
20 null
20 null
20 null
20 null
20 null
20 null
20 null
20 null
20 null
20 null
20 null
20 null
20 null
20 null
20 null
20 null
20 null
20 null
20 null
20 null
20 null
20 null
20 null
20 null
20 null
20 null
20 null
20 null
20 null
20 null
20 null
20 null
20 null
20 null
20 null
20 null
20 null
20 null
20 null
20 null
20 null
20 null
20 null
20 null
20 null
20 null
20 null
20 null
20 null
20 null
20 null
20 null
20 null
20 null
20 null
20 null
20 null
20 null
20 null
20 null
20 null
20 null
20 null
20 null
20 null
20 null
20 null
20 null
20 null
20 null
20 null
20 null
20 null
20 null
20 null
20 null
20 null
20 null
20 null
20 null
20 null
20 null
20 null
20 null
20 null
20 null
20 null
20 null
20 null
20 null
20 null
20 null
20 null
20 null
20 null
20 null
20 null
20 null
20 null
20 null
20 null
20 null
20 null
20 null
20 null
20 null
20 null
20 null
20 null
20 null
20 null
20 null
20 null
20 null
20 null
20 null
20 null
20 null
20 null
20 null
20 null
20 null
20 null
20 null
20 null
20 null
20 null
20 null
20 null
20 null
20 null
20 null
20 null
20 null
20 null
20 null
20 null
20 null
20 null
20 null
20 null
20 null
20 null
20 null
20 null
20 null
20 null
20 null
20 null
20 null
20 null
20 null
20 null
20 null
20 null
20 null
20 null
20 null
20 null
20 null
20 null
20 null
20 null
20 null
20 null
20 null
20 null
20 null
20 null
20 null
20 null
20 null
20 null
20 null
20 null
20 null
20 null
20 null
20 null
20 null
20 null
20 null
20 null
20 null
20 null
20 null
20 null
20 null
20 null
20 null
20 null
20 null
20 null
20 null
20 null
20 null
20 null
20 null
20 null
20 null
20 null
20 null
20 null
20 null
20 null
20 null
20 null
20 null
20 null
20 null
20 null
20 null
20 null
20 null
20 null
20 null
20 null
20 null
20 null
20 null
20 null
20 null
20 null
20 null
20 null
20 null
20 null
20 null
20 null
20 null
20 null
20 null
20 null
20 null
20 null
20 null
20 null
20 null
20 null
20 null
20 null
20 null
20 null
20 null
20 null
20 null
20 null
20 null
20 null
20 null
20 null
20 null
20 null
20 null
20 null
20 null
20 null
20 null
20 null
20 null
20 null
20 null
20 null
20 null
20 null
20 null
20 null
20 null
20 null
20 null
20 null
20 null
20 null
20 null
20 null
20 null
20 null
20 null
20 null
20 null
20 null
20 null
20 null
20 null
20 null
20 null
20 null
20 null
20 null
20 null
20 null
20 null
20 null
20 null
20 null
20 null
20 null
20 null
20 null
20 null
20 null
20 null
20 null
20 null
20 null
20 null
20 null
20 null
20 null
20 null
20 null
20 null
20 null
20 null
20 null
20 null
20 null
20 null
20 null
20 null
20 null
20 null
20 null
20 null
20 null
20 null
20 null
20 null
20 null
20 null
20 null
20 null
20 null
20 null
20 null
20 null
20 null
20 null
20 null
20 null
20 null
20 null
20 null
20 null
20 null
20 null
20 null
20 null
20 null
20 null
20 null
20 null
20 null
20 null
20 null
20 null
20 null
20 null
20 null
20 null
20 null
20 null
20 null
20 null
20 null
20 null
20 null
20 null
20 null
20 null
20 null
20 null
20 null
20 null
20 null
20 null
20 null
20 null
20 null
20 null
20 null
20 null
20 null
20 null
20 null
20 null
20 null
20 null
20 null
20 null
20 null
20 null
20 null
20 null
20 null
20 null
20 null
20 null
20 null
20 null
20 null
20 null
20 null
20 null
20 null
20 null
20 null
20 null
20 null
20 null
20 null
20 null
20 null
20 null
20 null
20 null
20 null
20 null
20 null
20 null
20 null
20 null
20 null
20 null
20 null
20 null
20 null
20 null
20 null
20 null
20 null
20 null
20 null
20 null
20 null
20 null
20 null
20 null
20 null
20 null
20 null
20 null
20 null
20 null
20 null
20 null
20 null
20 null
20 null
20 null
20 null
20 null
20 null
20 null
20 null
20 null
20 null
20 null
20 null
20 null
20 null
20 null
20 null
20 null
20 null
20 null
20 null
20 null
20 null
20 null
20 null
20 null
20 null
20 null
20 null
20 null
20 null
20 null
20 null
20 null
20 null
20 null
20 null
20 null
20 null
20 null
20 null
20 null
20 null
20 null
20 null
20 null
20 null
20 null
20 null
20 null
20 null
20 null
20 null
20 null
20 null
20 null
20 null
20 null
20 null
20 null
20 null
20 null
20 null
20 null
20 null
20 null
20 null
20 null
20 null
20 null
20 null
20 null
20 null
20 null
20 null
20 null
20 null
20 null
20 null
20 null
20 null
20 null
20 null
20 null
20 null
20 null
20 null
20 null
20 null
20 null
20 null
20 null
20 null
20 null
20 null
20 null
20 null
20 null
20 null
20 null
20 null
20 null
20 null
20 null
20 null
20 null
20 null
20 null
20 null
20 null
20 null
20 null
20 null
20 null
20 null
20 null
20 null
20 null
20 null
20 null
20 null
20 null
20 null
20 null
20 null
20 null
20 null
20 null
20 null
20 null
20 null
20 null
20 null
20 null
20 null
20 null
20 null
20 null
20 null
20 null
20 null
20 null
20 null
20 null
20 null
20 null
20 null
20 null
20 null
20 null
20 null
20 null
20 null
20 null
20 null
20 null
20 null
20 null
20 null
20 null
20 null
20 null
20 null
20 null
20 null
20 null
20 null
20 null
20 null
20 null
20 null
20 null
20 null
20 null
20 null
20 null
20 null
20 null
20 null
20 null
20 null
20 null
20 null
20 null
20 null
20 null
20 null
20 null
20 null
20 null
20 null
20 null
20 null
20 null
20 null
20 null
20 null
20 null
20 null
20 null
20 null
20 null
20 null
20 null
20 null
20 null
20 null
20 null
20 null
20 null
20 null
20 null
20 null
20 null
20 null
20 null
20 null
20 null
20 null
20 null
20 null
20 null
20 null
20 null
20 null
20 null
20 null
20 null
20 null
