12 13271
12 3588
12 1152
12 1639
12 2327
12 242
12 1310
12 904
12 2406
12 1560
12 3342
12 4912
12 7773
12 1069
12 4699
12 275
12 18119
12 1034
12 1057
12 1788
12 2403
12 573
12 4011
12 20448
12 634
12 1531
12 173
12 1606
12 136
12 2524
12 591
12 2286
12 736
12 9071
12 8507
12 738
12 2401
12 10286
12 1756
12 3947
12 6680
12 1303
12 2458
12 3082
12 839
12 357
12 968
12 1602
12 2540
12 1263
12 5304
12 6808
12 2378
12 1936
12 9147
12 2029
12 6409
12 11365
12 880
12 3114
12 4848
12 619
12 1658
12 284
12 1102
12 825
12 24476
12 602
12 5150
12 2490
12 611
12 5130
12 717
12 3454
12 24
12 1647
12 1750
12 852
12 1962
12 4483
12 10159
12 4596
12 549
12 425
12 2734
12 4386
12 4320
12 4925
12 3762
12 6210
12 6070
12 528
12 12070
12 9896
12 4866
12 5542
12 6978
12 11218
12 8651
12 1038
12 4243
12 5272
12 2280
12 1968
12 1260
12 10869
12 6148
12 257
12 462
12 2253
12 1450
12 5193
12 978
12 2267
12 3270
12 5701
12 2678
12 414
12 1750
12 8438
12 616
12 4473
12 4059
12 432
12 16766
12 11477
12 3784
12 5346
12 1314
12 4814
12 9156
12 1510
12 2005
12 5706
12 4558
12 8668
12 727
12 12396
12 4038
12 2676
12 1841
12 7580
12 331
12 3200
12 4658
12 10
12 2160
12 7994
12 1300
12 6131
12 5155
12 2202
12 6102
12 6032
12 4458
12 871
12 2438
12 1316
12 2623
12 5232
12 1075
12 1958
12 4881
12 2096
12 206
12 22124
12 553
12 2420
12 2941
12 2980
12 692
12 15105
12 1086
12 4405
12 5294
12 2143
12 13933
12 4022
12 3862
12 1315
12 4283
12 843
12 522
12 970
12 1260
12 992
12 3533
12 6705
12 2295
12 196
12 2458
12 1117
12 3094
12 3237
12 5668
12 5441
12 3627
12 10842
12 605
12 23
12 9682
12 3784
12 7488
12 5402
12 3025
12 2610
12 90
12 10539
12 709
12 2832
12 1796
12 4666
12 107
12 562
12 9290
12 1062
12 12549
12 1604
12 3496
12 1713
12 1135
12 524
12 413
12 3834
12 2016
12 4412
12 6623
12 1508
12 6192
12 8601
12 984
12 1876
12 1401
12 2529
12 5449
12 5867
12 3730
12 1134
12 8623
12 2352
12 9280
12 5657
12 519
12 304
12 822
12 5333
12 4824
12 1644
12 10159
12 1641
12 504
12 14123
12 3009
12 3241
12 2250
12 2098
12 2838
12 4962
12 4615
12 3173
12 5226
12 956
12 1105
12 5362
12 20302
12 3894
12 5251
12 18358
12 3546
12 1935
12 678
12 122
12 1155
12 5524
12 10596
12 3036
12 146
12 2501
12 2850
12 3316
12 278
12 8538
12 6846
12 3514
12 9117
12 1378
12 6276
12 2934
12 6230
12 5662
12 2887
12 32
12 13736
12 1138
12 113
12 1077
12 5717
12 1024
12 5445
12 5423
12 1775
12 6155
12 1622
12 2330
12 499
12 2046
12 5198
12 2049
12 899
12 3587
12 11016
12 4953
12 2992
12 6841
12 4473
12 10079
12 5461
12 955
12 1193
12 2287
12 5361
12 4070
12 4443
12 788
12 1232
12 577
12 1878
12 9150
12 2319
12 10398
12 4692
12 4782
12 1136
12 1314
12 1113
12 679
12 4230
12 15197
12 4684
12 922
12 917
12 4392
12 22909
12 339
12 7772
12 4246
12 2677
12 1590
12 5397
12 3807
12 5664
12 4557
12 3719
12 6198
12 9070
12 7363
12 3847
12 633
12 3269
12 6681
12 11614
12 5998
12 9779
12 8393
12 4445
12 1512
12 36
12 1206
12 2451
12 6787
12 4159
12 2030
12 2117
12 10899
12 2325
12 1550
12 383
12 5530
12 10321
12 5308
12 6765
12 937
12 3923
12 3783
12 2520
12 533
12 6016
12 7475
12 9074
12 2589
12 1165
12 2693
12 3534
12 8701
12 3679
12 48
12 1041
12 127
12 1236
12 3007
12 7204
12 4
12 10185
12 10049
12 906
12 1397
12 428
12 10334
12 2282
12 729
12 1452
12 2159
12 7328
12 2273
12 2803
12 10389
12 8870
12 7023
12 3314
12 1477
12 158
12 81
12 144
12 43
12 16177
12 9481
12 2632
12 12726
12 3975
12 9417
12 8820
12 3310
12 6218
12 6664
12 3509
12 8597
12 104
12 848
12 2383
12 7939
12 12559
12 3013
12 957
12 18764
12 1638
12 10180
12 5706
12 2156
12 467
12 1241
12 16828
12 2967
12 2304
12 5586
12 343
12 1342
12 10337
12 1521
12 691
12 2705
12 7300
12 3568
12 24601
12 19742
12 7755
12 2825
12 8660
12 9765
12 30107
12 746
12 425
12 2759
12 11132
12 546
12 9946
12 5144
12 2462
12 297
12 1986
12 6914
12 22841
12 591
12 894
12 12996
12 1335
12 616
12 164
12 2775
12 6162
12 8731
12 10269
12 933
12 2269
12 1657
12 644
12 1335
12 14
12 11210
12 4359
12 174
12 1021
12 133
12 9617
12 2889
12 5889
12 14239
12 794
12 3946
12 63
12 26
12 1102
12 135
12 3605
12 5182
12 5261
12 400
12 3240
12 5356
12 3855
12 6233
12 4387
12 1985
12 29355
12 4700
12 144
12 171
12 9903
12 2815
12 2333
12 1250
12 14739
12 8622
12 14909
12 12789
12 4172
12 150
12 1586
12 8475
12 2648
12 2231
12 12780
12 3643
12 11246
12 16653
12 7941
12 1110
12 3389
12 993
12 1718
12 3598
12 7062
12 1990
12 3355
12 17217
12 8443
12 4607
12 533
12 3359
12 1202
12 9091
12 7296
12 3991
12 1062
12 2747
12 18231
12 1535
12 5046
12 138
12 1958
12 15876
12 8903
12 655
12 1886
12 2890
12 653
12 5216
12 1182
12 4113
12 2100
12 1757
12 1946
12 3301
12 9081
12 391
12 7820
12 6505
12 3358
12 27342
12 864
12 1875
12 3956
12 13838
12 4177
12 380
12 6916
12 7645
12 348
12 29
12 4887
12 3379
12 3115
12 1145
12 3887
12 182
12 5525
12 276
12 3251
12 17639
12 9326
12 796
12 11297
12 984
12 2547
12 5913
12 560
12 7521
12 15150
12 3621
12 7294
12 3201
12 2635
12 28225
12 262
12 1373
12 780
12 2190
12 2482
12 4457
12 870
12 9983
12 1015
12 2461
12 8051
12 3832
12 3769
12 6505
12 7519
12 557
12 24
12 6643
12 1693
12 20889
12 4089
12 879
12 3849
12 5140
12 1252
12 1427
12 4680
12 459
12 4458
12 10683
12 1789
12 3834
12 6266
12 6451
12 3115
12 1016
12 2315
12 11645
12 10344
12 4614
12 15131
12 808
12 634
12 9948
12 11184
12 9209
12 1636
12 3577
12 4130
12 855
12 227
12 1751
12 7077
12 6279
12 797
12 5354
12 4461
12 2299
12 545
12 4533
12 1918
12 10825
12 3637
12 5916
12 4215
12 3858
12 12758
12 24
12 390
12 902
12 20
12 3590
12 1966
12 76
12 5094
12 577
12 9558
12 3780
12 4366
12 652
12 6609
12 52
12 13317
12 438
12 1815
12 3666
12 3297
12 1877
12 5639
12 1421
12 1377
12 1267
12 6652
12 2721
12 4148
12 4658
12 15400
12 5627
12 1290
12 2139
12 11016
12 4488
12 496
12 4303
12 2088
12 4124
12 1367
12 1968
12 7237
12 755
12 9434
12 7813
12 933
12 9080
12 2444
12 2683
12 1821
12 4437
12 4879
12 2539
12 2722
12 2610
12 4018
12 4674
12 1996
12 5511
12 619
12 2363
12 9661
12 1975
12 2230
12 9576
12 1361
12 500
12 5528
12 2953
12 171
12 665
12 5031
12 705
12 1856
12 3786
12 860
12 50
12 145
12 24255
12 5723
12 1429
12 3136
12 1410
12 1158
12 23686
12 9786
12 1102
12 4072
12 1342
12 2059
12 338
12 5886
12 15093
12 2786
12 7004
12 5658
12 6277
12 11157
12 11378
12 10654
12 7240
12 2423
12 214
12 202
12 6751
12 6790
12 14574
12 167
12 8640
12 6252
12 3210
12 56
12 5176
12 2571
12 3180
12 9261
12 3524
12 3196
12 9157
12 1403
12 2285
12 4847
12 12771
12 2915
12 1079
12 4201
12 9361
12 721
12 6418
12 772
12 4162
12 11694
12 3519
12 1143
12 14076
12 3027
12 632
12 2093
12 806
12 12553
12 9562
12 307
12 33
12 2452
12 1377
12 1048
12 4034
12 4785
12 10213
12 547
12 1420
12 215
12 6717
12 3109
12 1136
12 387
12 2084
12 1274
12 6198
12 12145
12 3205
12 246
12 3326
12 1155
12 215
12 1884
12 96
12 3534
12 1519
12 7926
12 6518
12 10708
12 13
12 1151
12 14664
12 5736
12 12072
12 4971
12 4869
12 1413
12 2114
12 2898
12 1889
12 1705
12 776
12 2877
12 7584
12 2896
12 4408
12 12478
12 2158
12 975
12 186
12 1798
12 2270
12 928
12 5697
12 1846
12 12432
12 8537
12 5113
12 9620
12 1689
12 618
12 1677
12 692
12 9049
12 3762
12 2674
12 617
12 1279
12 13049
12 791
12 515
12 7552
12 658
12 5696
12 1293
12 3292
12 3686
12 3700
12 6311
12 7111
12 38
12 3118
12 4012
12 16535
12 414
12 701
12 3072
12 9210
12 723
12 3798
12 7795
12 1251
12 11963
12 2802
12 3113
12 4256
12 7618
12 1661
12 533
12 1672
12 870
12 1652
12 9324
12 6153
12 4808
12 1327
12 5054
12 4441
12 608
12 192
12 6931
12 1734
12 4013
12 3940
12 8240
12 13222
12 1728
12 308
12 3149
12 5213
12 1940
12 1887
12 739
12 3780
12 1127
12 1263
12 1632
12 7182
12 5998
12 2083
12 2249
12 10209
12 5780
12 1783
12 3297
12 1251
12 6425
12 4012
12 7024
12 2408
12 7785
12 4258
12 11080
12 2784
12 2305
12 5453
12 17708
12 337
12 697
12 693
12 4470
12 5796
12 900
12 256
12 85
12 5780
12 2983
12 5191
12 202
12 97
12 3229
12 16007
12 2483
12 2128
12 1779
12 3806
12 1138
12 13387