8 841
8 225
8 117
8 198
8 557
8 64
8 290
8 1403
8 161
8 13
8 893
8 1737
8 99
8 267
8 455
8 164
8 248
8 96
8 113
8 602
8 186
8 398
8 315
8 567
8 444
8 11
8 105
8 17
8 6
8 86
8 470
8 434
8 156
8 254
8 169
8 300
8 39
8 540
8 79
8 152
8 82
8 814
8 191
8 116
8 232
8 87
8 239
8 290
8 129
8 38
8 50
8 22
8 52
8 289
8 222
8 76
8 41
8 56
8 377
8 138
8 47
8 23
8 530
8 21
8 66
8 92
8 131
8 79
8 210
8 76
8 154
8 238
8 129
8 566
8 134
8 84
8 258
8 333
8 225
8 206
8 11
8 148
8 184
8 864
8 356
8 242
8 188
8 24
8 206
8 13
8 27
8 34
8 700
8 13
8 105
8 250
8 214
8 179
8 114
8 147
8 959
8 115
8 129
8 533
8 67
8 515
8 88
8 580
8 57
8 407
8 516
8 353
8 1077
8 248
8 338
8 856
8 10
8 122
8 156
8 43
8 81
8 5
8 53
8 152
8 217
8 214
8 264
8 443
8 68
8 84
8 68
8 436
8 344
8 325
8 174
8 216
8 368
8 259
8 1280
8 332
8 93
8 343
8 334
8 96
8 12
8 301
8 203
8 443
8 154
8 219
8 135
8 299
8 787
8 196
8 360
8 248
8 88
8 147
8 4
8 54
8 133
8 215
8 220
8 21
8 61
8 75
8 891
8 206
8 231
8 533
8 83
8 154
8 102
8 128
8 309
8 632
8 145
8 491
8 257
8 291
8 361
8 110
8 554
8 153
8 860
8 259
8 57
8 89
8 266
8 249
8 63
8 38
8 456
8 80
8 56
8 80
8 59
8 76
8 242
8 184
8 356
8 88
8 471
8 735
8 431
8 102
8 187
8 248
8 657
8 811
8 187
8 77
8 13
8 100
8 74
8 576
8 138
8 15
8 373
8 117
8 815
8 309
8 81
8 423
8 93
8 152
8 36
8 181
8 532
8 166
8 431
8 506
8 31
8 68
8 42
8 57
8 154
8 196
8 1308
8 5
8 316
8 575
8 56
8 2
8 178
8 293
8 360
8 84
8 401
8 92
8 703
8 1384
8 233
8 102
8 718
8 97
8 357
8 169
8 61
8 94
8 388
8 427
8 91
8 128
8 93
8 85
8 72
8 329
8 478
8 148
8 106
8 905
8 133
8 274
8 103
8 119
8 31
8 145
8 362
8 1228
8 61
8 5
8 571
8 46
8 350
8 105
8 72
8 247
8 203
8 525
8 465
8 468
8 12
8 193
8 48
8 18
8 140
8 267
8 152
8 54
8 81
8 165
8 214
8 138
8 35
8 276
8 274
8 36
8 394
8 225
8 548
8 75
8 499
8 285
8 460
8 419
8 338
8 106
8 540
8 19
8 271
8 14
8 136
8 44
8 519
8 699
8 128
8 51
8 277
8 572
8 132
8 322
8 146
8 57
8 37
8 77
8 35
8 250
8 1761
8 178
8 69
8 135
8 421
8 176
8 15
8 42
8 113
8 35
8 288
8 190
8 297
8 390
8 124
8 36
8 60
8 55
8 619
8 141
8 22
8 33
8 215
8 568
8 130
8 101
8 185
8 456
8 520
8 314
8 307
8 250
8 38
8 53
8 250
8 211
8 195
8 33
8 713
8 431
8 387
8 122
8 10
8 98
8 172
8 222
8 116
8 276
8 418
8 782
8 243
8 237
8 90
8 64
8 36
8 94
8 540
8 29
8 391
8 173
8 268
8 18
8 71
8 84
8 456
8 123
8 463
8 234
8 306
8 24
8 136
8 50
8 1416
8 30
8 284
8 474
8 270
8 125
8 466
8 269
8 489
8 234
8 625
8 65
8 244
8 36
8 57
8 182
8 85
8 8
8 728
8 944
8 476
8 570
8 154
8 165
8 14
8 286
8 141
8 86
8 315
8 26
8 516
8 154
8 147
8 13
8 66
8 120
8 1
8 497
8 751
8 360
8 420
8 92
8 203
8 629
8 49
8 2
8 95
8 710
8 16
8 82
8 189
8 27
8 450
8 199
8 106
8 806
8 316
8 353
8 298
8 10
8 107
8 648
8 228
8 34
8 390
8 49
8 123
8 11
8 73
8 122
8 198
8 1291
8 405
8 650
8 906
8 151
8 182
8 9
8 362
8 130
8 20
8 69
8 215
8 2
8 27
8 322
8 96
8 160
8 159
8 323
8 241
8 419
8 310
8 514
8 59
8 14
8 731
8 94
8 19
8 1329
8 17
8 63
8 302
8 76
8 8
8 45
8 224
8 127
8 99
8 314
8 119
8 136
8 242
8 1159
8 284
8 111
8 95
8 102
8 429
8 324
8 187
8 841
8 344
8 529
8 156
8 330
8 311
8 372
8 985
8 106
8 358
8 162
8 78
8 65
8 33
8 138
8 453
8 989
8 551
8 59
8 250
8 58
8 231
8 133
8 411
8 476
8 102
8 74
8 102
8 190
8 105
8 510
8 455
8 23
8 217
8 95
8 264
8 65
8 512
8 120
8 158
8 880
8 90
8 23
8 195
8 540
8 121
8 280
8 117
8 509
8 33
8 328
8 45
8 151
8 34
8 240
8 74
8 4
8 411
8 89
8 60
8 343
8 335
8 41
8 523
8 53
8 97
8 159
8 36
8 49
8 130
8 40
8 369
8 267
8 103
8 606
8 200
8 25
8 20
8 305
8 222
8 470
8 40
8 21
8 549
8 8
8 199
8 95
8 271
8 6
8 188
8 152
8 52
8 106
8 33
8 284
8 225
8 72
8 78
8 535
8 114
8 664
8 65
8 442
8 239
8 93
8 230
8 127
8 109
8 272
8 47
8 64
8 120
8 20
8 336
8 74
8 319
8 408
8 5
8 98
8 653
8 45
8 16
8 9
8 396
8 179
8 56
8 283
8 405
8 628
8 345
8 160
8 63
8 1263
8 708
8 264
8 261
8 263
8 236
8 103
8 51
8 154
8 158
8 58
8 203
8 324
8 198
8 257
8 608
8 166
8 154
8 22
8 487
8 539
8 90
8 443
8 480
8 597
8 95
8 453
8 389
8 480
8 190
8 7
8 175
8 82
8 158
8 32
8 33
8 95
8 18
8 373
8 14
8 13
8 1
8 486
8 157
8 138
8 55
8 340
8 142
8 43
8 369
8 586
8 21
8 38
8 305
8 109
8 243
8 37
8 90
8 316
8 42
8 157
8 75
8 16
8 118
8 88
8 72
8 123
8 393
8 35
8 126
8 338
8 63
8 263
8 517
8 534
8 559
8 290
8 179
8 117
8 8
8 276
8 285
8 366
8 310
8 79
8 261
8 72
8 333
8 329
8 348
8 2402
8 5
8 18
8 570
8 63
8 634
8 182
8 433
8 426
8 256
8 377
8 67
8 134
8 98
8 229
8 188
8 431
8 156
8 329
8 210
8 82
8 57
8 263
8 313
8 74
8 226
8 245
8 50
8 78
8 94
8 39
8 20
8 40
8 245
8 247
8 75
8 67
8 51
8 1153
8 240
8 153
8 156
8 553
8 704
8 223
8 605
8 16
8 272
8 783
8 222
8 32
8 712
8 532
8 118
8 274
8 136
8 80
8 73
8 276
8 96
8 430
8 466
8 201
8 447
8 97
8 382
8 125
8 16
8 59
8 104
8 705
8 127
8 135
8 1104
8 48
8 26
8 416
8 891
8 229
8 120
8 185
8 178
8 10
8 117
8 664
8 114
8 26
8 47
8 291
8 376
8 646
8 32
8 54
8 434
8 92
8 20
8 69
8 211
8 25
8 180
8 431
8 121
8 219
8 128
8 198
8 2
8 49
8 437
8 51
8 63
8 535
8 675
8 87
8 105
8 79
8 28
8 28
8 417
8 662
8 336
8 145
8 370
8 162
8 62
8 1
8 3
8 27
8 84
8 181
8 655
8 9
8 347
8 72
8 610
8 157
8 221
8 108
8 168
8 343
8 62
8 566
8 328
8 262
8 440
8 57
8 227
8 112
8 188
8 225
8 424
8 153
8 84
8 391
8 350
8 170
8 320
8 152
8 6
8 158
8 28
8 115
8 79
8 77
8 112
8 47
8 439
8 387
8 1381
8 544
8 156
8 82
8 419
8 156
8 7
8 161
8 265
8 17
8 149
8 899
8 263
8 253
8 148
8 333
8 699
8 135
8 73
8 80
8 144
8 103
8 58
8 173
8 261
8 232
8 5
8 94
8 22
8 402
8 86
8 12
8 457
8 692
8 199
8 516
8 61
8 1
8 112
8 655
8 183
8 81
8 105
8 189
8 413
8 65
8 337
8 1089
8 1366
8 891
8 97
8 113
8 488
8 282
8 32
8 629
8 174
8 50
8 141
8 1033
8 300
8 961
8 651
8 166
8 97
8 40
8 185
8 18
8 337
8 161
8 66
8 117
8 125
8 127
8 511
8 86
8 175
8 283
8 319
8 57
